
hen = 36.457321381259376

en  = 48.517190043022424

n s = 19.191493530866374

 sh = 2.4365235582442812

sha = 5.162943602990962

hal = 4.178602969934772

all = 0.9958301824825577

ll  = 0.22478944320273914

l w = 19.191493530866374

 we = 4.178602969934772

we  = 12.152440460419795

e t = 0.1891929242675512

 th = 0.7131011927223179

thr = 3.446542021769849

hre = 8.645302978450939

ree = 5.162943602990962

ee  = 2.4365235582442812

e m = 6.550931731873178

 me = 1.3246934968017061

mee = 8.645302978450939

eet = 6.550931731873178

et  = 2.8826675301991034

t a = 2.8826675301991034

 ag = 8.645302978450939

aga = 8.645302978450939

gai = 6.550931731873178

ain = 9.263922054497652

ine = 6.893084043539698

ne? = 29.931167755895085

e?  = 20.293184069088205

? I = 19.191493530866374

 In = 12.152440460419795

In  = 19.191493530866374

n T = 19.191493530866374

Thu = 4.178602969934772

hun = 6.550931731873178

und = 2.8826675301991034

nde = 3.446542021769849

der = 5.162943602990962

er, = 6.550931731873178

r,  = 4.178602969934772

, L = 12.152440460419795

 Li = 5.162943602990962

Lig = 12.152440460419795

igh = 5.162943602990962

ght = 3.446542021769849

htn = 12.152440460419795

tni = 12.152440460419795

nin = 4.178602969934772

ing = 0.05245424303977697

ng, = 3.446542021769849

g,  = 3.446542021769849

, o = 8.645302978450939

 or = 12.152440460419795

or  = 1.7796966535664873

r i = 19.191493530866374

 in = 2.4365235582442812

in  = 2.8826675301991034

n R = 19.191493530866374

 Ra = 12.152440460419795

Rai = 19.191493530866374

? W = 19.191493530866374

 Wh = 5.765335060398207

n t = 17.290605956901878

the = 0.3460824909877723

he  = 0.6221522748682624

e H = 8.645302978450939

 Hu = 12.152440460419795

Hur = 19.191493530866374

url = 38.38298706173275

rle = 38.38298706173275

ley = 38.38298706173275

ey- = 19.191493530866374

y-b = 19.191493530866374

-bu = 19.191493530866374

bur = 8.645302978450939

ey' = 19.191493530866374

y's = 19.191493530866374

's  = 17.290605956901878

s d = 8.645302978450939

 do = 2.0760017823737686

don = 8.645302978450939

one = 6.550931731873178

ne, = 2.4365235582442812

e,  = 0.016780475063935006

, W = 3.446542021769849

e B = 8.645302978450939

 Ba = 3.446542021769849

Bat = 12.152440460419795

att = 6.550931731873178

tta = 19.191493530866374

tai = 8.645302978450939

ail = 4.178602969934772

ile = 3.446542021769849

le' = 19.191493530866374

e's = 12.152440460419795

s l = 12.152440460419795

 lo = 4.178602969934772

los = 8.645302978450939

ost = 4.178602969934772

st, = 8.645302978450939

t,  = 1.1476478553975686

, a = 0.8647884836174157

 an = 0.36307880458781466

and = 0.1304911882131883

nd  = 0.019760817461018383

d w = 5.162943602990962

 wo = 2.4365235582442812

won = 12.152440460419795

onn = 12.152440460419795

nne = 4.178602969934772

ne  = 0.7510600964604982
THE ANSWER: 0.5262275925175406
