
hen = 37.654305499511565

en  = 26.11729064135827

n s = 24.6179714497598

 sh = 4.771642796870957

sha = 8.705763547119423

hal = 8.705763547119423

all = 1.8028877179018217

ll  = 0.459826315666958

l w = 11.348035703023568

 we = 5.702759645290543

we  = 11.348035703023568

e t = 0.6477140470603414

 th = 1.0039840490934562

thr = 11.348035703023568

hre = 24.6179714497598

ree = 15.764839288911702

ee  = 8.705763547119423

e m = 2.0368672188276986

 me = 1.8028877179018217

mee = 24.6179714497598

eet = 15.764839288911702

et  = 6.95075710620727

t a = 3.479794202526636

 ag = 24.6179714497598

aga = 15.764839288911702

gai = 15.764839288911702

ain = 26.479113766940987

ine = 22.696071406047135

e?  = 31.529678577823404

? I = 8.705763547119423

 In = 5.702759645290543

In  = 5.702759645290543

und = 15.764839288911702

nde = 11.348035703023568

der = 15.764839288911702

er, = 2.6315784656783108

r,  = 1.0132469482690005

, L = 24.6179714497598

 Li = 11.348035703023568

Lig = 24.6179714497598

igh = 4.771642796870957

ght = 1.8028877179018217

ing = 1.133816545774849

, o = 24.6179714497598

 or = 24.6179714497598

or  = 0.5785124646329767

r i = 15.764839288911702

 in = 2.309847410522456

in  = 1.6005962782256573

 Ra = 24.6179714497598

? W = 15.764839288911702

 Wh = 9.543285593741913

n t = 13.90151421241454

the = 0.5320342218743989

he  = 1.9161751224402754

bur = 24.6179714497598

's  = 31.529678577823404

s d = 15.764839288911702

 do = 3.0153560743301093

don = 24.6179714497598

one = 4.05177969011613

ne, = 5.702759645290543

e,  = 0.0019183334384467003

, W = 6.95075710620727

e B = 8.705763547119423

 Ba = 11.348035703023568

Bat = 24.6179714497598

att = 8.705763547119423

tta = 24.6179714497598

tai = 24.6179714497598

ail = 24.6179714497598

ile = 15.764839288911702

e's = 11.348035703023568

s l = 15.764839288911702

 lo = 3.0153560743301093

los = 15.764839288911702

ost = 4.771642796870957

st, = 24.6179714497598

t,  = 2.6315784656783108

, a = 0.36289687388848224

 an = 0.12218388506879024

and = 0.21848505212140187

nd  = 0.0385697356549715

d w = 5.702759645290543

 wo = 4.05177969011613

nne = 15.764839288911702

ne  = 2.0368672188276986
THE ANSWER: 0.4625311313588611
