
hen = 78.48347895076112

en  = 29.344279020181492

n s = 13.67146989305962

 sh = 3.372217539104037

sha = 5.913641923273996

hal = 5.913641923273996

all = 1.856206826842023

ll  = 0.5791660092770818

l w = 13.67146989305962

 we = 2.4682987959628013

we  = 9.781426340060495

e t = 0.7480460653542915

 th = 0.5950216813205244

thr = 7.456303862746071

hre = 13.67146989305962

ree = 13.67146989305962

ee  = 7.456303862746071

e m = 1.2458549238855554

 me = 1.09551247086825

et  = 4.8181002911404045

t a = 13.67146989305962

ain = 22.893995848947007

ine = 58.57458389117535

e?  = 58.57458389117535

? I = 21.473816135270493

 In = 21.473816135270493

In  = 21.473816135270493

 Th = 1.4192109221335178

er, = 7.456303862746071

r,  = 3.372217539104037

igh = 9.781426340060495

ght = 5.913641923273996

ing = 5.913641923273996

, o = 7.456303862746071

 or = 7.456303862746071

or  = 3.372217539104037

r i = 21.473816135270493

 in = 4.8181002911404045

in  = 3.372217539104037

? W = 21.473816135270493

 Wh = 11.827283846547992

n t = 16.976910023525782

the = 0.24689237177262172

he  = 2.1910249417365

bur = 21.473816135270493

's  = 27.34293978611924

s d = 13.67146989305962

 do = 2.8728363167550945

one = 9.781426340060495

ne, = 21.473816135270493

e,  = 1.6205119395901362

, W = 7.456303862746071

e B = 21.473816135270493

 Ba = 13.67146989305962

att = 21.473816135270493

tai = 13.67146989305962

ile = 13.67146989305962

e's = 13.67146989305962

 lo = 5.913641923273996

st, = 21.473816135270493

t,  = 1.856206826842023

, a = 0.9643479722098257

 an = 0.38986542371200483

and = 0.33989743335456635

nd  = 0.38986542371200483

d w = 21.473816135270493

 wo = 9.781426340060495

ne  = 9.781426340060495
THE ANSWER: 0.38458393314541195
